Mode	X(mm)	Y(mm)	Z(mm)	Pmod	tParam
1	0.07260330000000001	0.07300195	0	0	0.0
0	0.07285915	0.07325185000000001	0	300	1.35
1	0.0735077	0.07400156	0	0	0.0
0	0.07181195	0.07236529500000001	0	300	1.35
1	0.07140735	0.0721035	0	0	0.0
0	0.0738171	0.07442401	0	300	1.35
1	0.07398965	0.07472150000000001	0	0	0.0
0	0.07109795	0.071925	0	300	1.35
1	0.07082425	0.07178815	0	0	0.0
0	0.0741265	0.074977356	0	300	1.35
1	0.0742574	0.07522725	0	0	0.0
0	0.07053865000000001	0.07163345	0	300	1.35
1	0.07033634999999999	0.07156204	0	0	0.0
0	0.07416815	0.07526294	0	300	1.35
1	0.07412055	0.07534625	0	0	0.0
0	0.0701162	0.07147875999999999	0	300	1.35
1	0.0699139	0.07140735	0	0	0.0
0	0.074067	0.07541764999999999	0	300	1.35
1	0.07398965	0.07546523999999999	0	0	0.0
0	0.06972350000000001	0.0713419	0	300	1.35
1	0.06952715000000001	0.07128241	0	0	0.0
0	0.073948	0.07554855	0	300	1.35
1	0.0738647	0.07559616	0	0	0.0
0	0.06934865000000001	0.0712348	0	300	1.35
1	0.06918205000000001	0.0711991	0	0	0.0
0	0.0737933	0.07564969	0	300	1.35
1	0.07375165	0.07573300000000001	0	0	0.0
0	0.06901545	0.07116339	0	300	1.35
1	0.0688548	0.07113365	0	0	0.0
0	0.0736743	0.07578655999999999	0	300	1.35
1	0.07363265	0.07586984	0	0	0.0
0	0.06870605	0.07111579999999999	0	300	1.35
1	0.06853945	0.07107416000000001	0	0	0.0
0	0.07354935	0.07591745	0	300	1.35
1	0.0735077	0.07600074999999999	0	0	0.0
0	0.0683907	0.071056305	0	300	1.35
1	0.06823005	0.07102655	0	0	0.0
0	0.07343035	0.07604833999999999	0	300	1.35
1	0.07338275	0.07613165	0	0	0.0
0	0.06811700000000001	0.0710444	0	300	1.35
1	0.0679623	0.07101465	0	0	0.0
0	0.0732935	0.07616736	0	300	1.35
1	0.07325185000000001	0.07625064000000001	0	0	0.0
0	0.0678314	0.0710206	0	300	1.35
1	0.06768265	0.070996796	0	0	0.0
0	0.07318640000000001	0.07631015	0	300	1.35
1	0.07312690000000001	0.07637561	0	0	0.0
0	0.06755175	0.070990845	0	300	1.35
1	0.06743869999999999	0.07100870000000001	0	0	0.0
0	0.0730436	0.0764232	0	300	1.35
1	0.07300195	0.0765065	0	0	0.0
0	0.0672959	0.070996796	0	300	1.35
1	0.0671888	0.0710206	0	0	0.0
0	0.0729365	0.07657196000000001	0	300	1.35
1	0.072877	0.07663739	0	0	0.0
0	0.0670579	0.07101465	0	300	1.35
1	0.06693295	0.0710206	0	0	0.0
0	0.0728056	0.07669095000000001	0	300	1.35
1	0.07276395	0.07677424999999999	0	0	0.0
0	0.06681395000000001	0.0710325	0	300	1.35
1	0.06670090000000001	0.0710444	0	0	0.0
0	0.0726985	0.07683969	0	300	1.35
1	0.07262115	0.07688729999999999	0	0	0.0
0	0.0666057	0.07107416000000001	0	300	1.35
1	0.06648075	0.07108011	0	0	0.0
0	0.0725438	0.07694086	0	300	1.35
1	0.07250215	0.07702414	0	0	0.0
0	0.06636175	0.07108606	0	300	1.35
1	0.0662487	0.0711039	0	0	0.0
0	0.07244265	0.07708960000000001	0	300	1.35
1	0.0723772	0.07714910999999999	0	0	0.0
0	0.0661178	0.07110984999999999	0	300	1.35
1	0.06602854999999999	0.07114555	0	0	0.0
0	0.0723058	0.0772086	0	300	1.35
1	0.07226415	0.0772919	0	0	0.0
0	0.06592740000000001	0.07116934000000001	0	300	1.35
1	0.0658203	0.071193146	0	0	0.0
0	0.0721987	0.07735736	0	300	1.35
1	0.07212135	0.077399	0	0	0.0
0	0.06571915	0.07121695	0	300	1.35
1	0.06562395	0.071252655	0	0	0.0
0	0.07205589999999999	0.07746445	0	300	1.35
1	0.07199639999999999	0.07752991000000001	0	0	0.0
0	0.06551090000000001	0.07127051	0	300	1.35
1	0.06542165	0.0713062	0	0	0.0
0	0.07195475	0.07761319	0	300	1.35
1	0.07187144999999999	0.07766079999999999	0	0	0.0
0	0.06532645	0.07133595	0	300	1.35
1	0.06521935000000001	0.07135974	0	0	0.0
0	0.07180005	0.077714355	0	300	1.35
1	0.0717584	0.07779765000000001	0	0	0.0
0	0.0651301	0.07139545	0	300	1.35
1	0.065023	0.07141925	0	0	0.0
0	0.07170484999999999	0.07786905	0	300	1.35
1	0.07162155	0.07791666	0	0	0.0
0	0.06492185	0.071443054	0	300	1.35
1	0.06483855	0.07149065	0	0	0.0
0	0.0715799	0.07799993999999999	0	300	1.35
1	0.07149660000000001	0.07804755000000001	0	0	0.0
0	0.06475525	0.07153825000000001	0	300	1.35
1	0.0646541	0.07156204	0	0	0.0
0	0.07142520000000001	0.078101105	0	300	1.35
1	0.07138355	0.0781844	0	0	0.0
0	0.06455295	0.07159180000000001	0	300	1.35
1	0.0644756	0.071639404	0	0	0.0
0	0.0713181	0.07824985	0	300	1.35
1	0.0712586	0.07831531	0	0	0.0
0	0.0643685	0.07165726	0	300	1.35
1	0.06430899999999999	0.07172865	0	0	0.0
0	0.07120505	0.0783867	0	300	1.35
1	0.07112175000000001	0.078434296	0	0	0.0
0	0.06423165	0.071776245	0	300	1.35
1	0.0641186	0.0717941	0	0	0.0
0	0.07106225000000001	0.078493805	0	300	1.35
1	0.0710206	0.0785771	0	0	0.0
0	0.06405315	0.07185361	0	300	1.35
1	0.06395795	0.0718893	0	0	0.0
0	0.0709254	0.078618744	0	300	1.35
1	0.07088375000000001	0.07870206	0	0	0.0
0	0.0638687	0.071925	0	300	1.35
1	0.0637973	0.07197854599999999	0	0	0.0
0	0.07083020000000001	0.07877345	0	300	1.35
1	0.0707469	0.07882104499999999	0	0	0.0
0	0.06371399999999999	0.07202615	0	300	1.35
1	0.06364855	0.07208565	0	0	0.0
0	0.07070525000000001	0.07890435999999999	0	300	1.35
1	0.0706279	0.078946	0	0	0.0
0	0.0635355	0.0721035	0	300	1.35
1	0.0634879	0.07218085	0	0	0.0
0	0.07057435	0.07902334600000001	0	300	1.35
1	0.0705089	0.07908880600000001	0	0	0.0
0	0.06342244999999999	0.07224035999999999	0	300	1.35
1	0.06331535	0.07226416000000001	0	0	0.0
0	0.0704256	0.07913044999999999	0	300	1.35
1	0.07038395	0.079213745	0	0	0.0
0	0.06326775	0.07234149	0	300	1.35
1	0.0631666	0.07236529500000001	0	0	0.0
0	0.07032445	0.079279205	0	300	1.35
1	0.070259	0.07934465	0	0	0.0
0	0.0630833	0.07241289999999999	0	300	1.35
1	0.0630357	0.07249025	0	0	0.0
0	0.0701876	0.07939819	0	300	1.35
1	0.07014595	0.07948151	0	0	0.0
0	0.0629643	0.07254379	0	300	1.35
1	0.06287505	0.07258545	0	0	0.0
0	0.07008645	0.07954694999999999	0	300	1.35
1	0.07000315	0.07959453999999999	0	0	0.0
0	0.0628215	0.07265685999999999	0	300	1.35
1	0.0627501	0.07271634	0	0	0.0
0	0.0699615	0.07967785999999999	0	300	1.35
1	0.0698782	0.07972544999999999	0	0	0.0
0	0.0626906	0.07278180000000001	0	300	1.35
1	0.06260135	0.072823456	0	0	0.0
0	0.06981274999999999	0.07978494000000001	0	300	1.35
1	0.06975324999999999	0.07985039999999999	0	0	0.0
0	0.0625478	0.0728889	0	300	1.35
1	0.0624764	0.072948395	0	0	0.0
0	0.0696878	0.07991585000000001	0	300	1.35
1	0.06964615	0.079999146	0	0	0.0
0	0.062422849999999995	0.073019806	0	300	1.35
1	0.06233955	0.07306145	0	0	0.0
0	0.0695688	0.08004675	0	300	1.35
1	0.06952119999999999	0.08013005	0	0	0.0
0	0.0622622	0.07311499	0	300	1.35
1	0.062214599999999995	0.07319830000000001	0	0	0.0
0	0.06944979999999999	0.08018359	0	300	1.35
1	0.0693903	0.080249054	0	0	0.0
0	0.0621551	0.07326375	0	300	1.35
1	0.0620718	0.07330539	0	0	0.0
0	0.06930700000000001	0.08029071	0	300	1.35
1	0.06926535	0.08037399	0	0	0.0
0	0.06203015	0.0733887	0	300	1.35
1	0.0619528	0.07343631	0	0	0.0
0	0.06921179999999999	0.080451355	0	300	1.35
1	0.06912850000000001	0.08049895	0	0	0.0
0	0.06189925	0.07351363999999999	0	300	1.35
1	0.06183975	0.0735791	0	0	0.0
0	0.069069	0.08055844000000001	0	300	1.35
1	0.06900355000000001	0.08062390000000001	0	0	0.0
0	0.06179215	0.0736624	0	300	1.35
1	0.06173265	0.073727844	0	0	0.0
0	0.06894405	0.08068935	0	300	1.35
1	0.06887860000000001	0.08075478999999999	0	0	0.0
0	0.0616672	0.07378735	0	300	1.35
1	0.06161365	0.07385875	0	0	0.0
0	0.06883695000000001	0.08083810400000001	0	300	1.35
1	0.0687596	0.0808857	0	0	0.0
0	0.06157795	0.073948	0	300	1.35
1	0.061500599999999996	0.07400156	0	0	0.0
0	0.06871200000000001	0.08096899399999999	0	300	1.35
1	0.06863464999999999	0.08101065	0	0	0.0
0	0.061447049999999996	0.07407295000000001	0	300	1.35
1	0.061393500000000004	0.0741503	0	0	0.0
0	0.0685811	0.081088	0	300	1.35
1	0.06851565	0.08115344000000001	0	0	0.0
0	0.06135185	0.0742336	0	300	1.35
1	0.061304250000000005	0.07430499	0	0	0.0
0	0.06845615	0.08121295	0	300	1.35
1	0.0683907	0.0812784	0	0	0.0
0	0.061250700000000005	0.074382355	0	300	1.35
1	0.061203099999999996	0.0744597	0	0	0.0
0	0.06831335	0.08132599	0	300	1.35
1	0.06826575	0.0814093	0	0	0.0
0	0.06114955	0.07453705	0	300	1.35
1	0.06110195	0.07461441	0	0	0.0
0	0.0682122	0.0814807	0	300	1.35
1	0.06813485	0.08152829	0	0	0.0
0	0.0610484	0.07468579	0	300	1.35
1	0.0610008	0.07476315	0	0	0.0
0	0.0680813	0.0815997	0	300	1.35
1	0.0680218	0.08166516	0	0	0.0
0	0.0609651	0.0748524	0	300	1.35
1	0.06089965	0.07491785000000001	0	0	0.0
0	0.06796825	0.08174249	0	300	1.35
1	0.06788495	0.08178415	0	0	0.0
0	0.06087585	0.075019	0	300	1.35
1	0.06081635	0.07508444	0	0	0.0
0	0.0678314	0.08186151	0	300	1.35
1	0.0677719	0.08192694	0	0	0.0
0	0.06078065	0.07517370599999999	0	300	1.35
1	0.060750900000000004	0.07526889	0	0	0.0
0	0.06768859999999999	0.08196859999999999	0	300	1.35
1	0.06764695	0.08205191	0	0	0.0
0	0.06070925	0.075358154	0	300	1.35
1	0.060661650000000004	0.0754355	0	0	0.0
0	0.0675815	0.08211734	0	300	1.35
1	0.067522	0.0821828	0	0	0.0
0	0.0606319	0.07553069999999999	0	300	1.35
1	0.0605843	0.07560805000000001	0	0	0.0
0	0.0674506	0.08223636000000001	0	300	1.35
1	0.067403	0.08231964000000001	0	0	0.0
0	0.06056645	0.07571515	0	300	1.35
1	0.060501	0.07578061	0	0	0.0
0	0.06732565	0.08236725	0	300	1.35
1	0.06728400000000001	0.08245055000000001	0	0	0.0
0	0.060489100000000004	0.07588769499999999	0	300	1.35
1	0.060441499999999995	0.07597101	0	0	0.0
0	0.0671888	0.08248625	0	300	1.35
1	0.06714715	0.08256955	0	0	0.0
0	0.060417700000000005	0.07607214000000001	0	300	1.35
1	0.060382	0.07616141	0	0	0.0
0	0.06707575	0.08262311	0	300	1.35
1	0.0670341	0.08270639	0	0	0.0
0	0.0603701	0.076274445	0	300	1.35
1	0.0603106	0.076339905	0	0	0.0
0	0.06693890000000001	0.082742096	0	300	1.35
1	0.06689725	0.08282541	0	0	0.0
0	0.0602987	0.07645889	0	300	1.35
1	0.060263	0.07654815999999999	0	0	0.0
0	0.06684369999999999	0.08290273999999999	0	300	1.35
1	0.06676635	0.08295035	0	0	0.0
0	0.06025705	0.076667145	0	300	1.35
1	0.0602035	0.076738556	0	0	0.0
0	0.06670090000000001	0.08300986	0	300	1.35
1	0.0666414	0.0830753	0	0	0.0
0	0.06020945	0.076863495	0	300	1.35
1	0.06017375	0.07695871	0	0	0.0
0	0.06656405	0.08312884499999999	0	300	1.35
1	0.06652240000000001	0.08321216	0	0	0.0
0	0.06016185	0.07707175	0	300	1.35
1	0.06011425	0.07714910999999999	0	0	0.0
0	0.066451	0.08327164999999999	0	300	1.35
1	0.06639149999999999	0.08333710000000001	0	0	0.0
0	0.06012615	0.07728595	0	300	1.35
1	0.06007855	0.0773633	0	0	0.0
0	0.06632009999999999	0.08339065600000001	0	300	1.35
1	0.0662725	0.08347395	0	0	0.0
0	0.0600845	0.07749420000000001	0	300	1.35
1	0.060060699999999995	0.07759535	0	0	0.0
0	0.0662249	0.08354535	0	300	1.35
1	0.0661416	0.08359296000000001	0	0	0.0
0	0.06005475	0.077714355	0	300	1.35
1	0.060036900000000004	0.07782143999999999	0	0	0.0
0	0.06607615	0.0836584	0	300	1.35
1	0.06601665	0.08372385	0	0	0.0
0	0.06004285	0.0779583	0	300	1.35
1	0.06001905	0.0780535	0	0	0.0
0	0.0659631	0.08379526	0	300	1.35
1	0.06590359999999999	0.0838607	0	0	0.0
0	0.06003095	0.07819034999999999	0	300	1.35
1	0.06000715	0.078291504	0	0	0.0
0	0.06582625	0.08391424600000001	0	300	1.35
1	0.06576675	0.08397970599999999	0	0	0.0
0	0.0600131	0.078428345	0	300	1.35
1	0.0600131	0.07854734999999999	0	0	0.0
0	0.06569535	0.08403324999999999	0	300	1.35
1	0.0656537	0.08411655	0	0	0.0
0	0.060025	0.078684204	0	300	1.35
1	0.0600131	0.07879724	0	0	0.0
0	0.0655704	0.08416415399999999	0	300	1.35
1	0.06552875	0.08424745	0	0	0.0
0	0.0600488	0.07895194999999999	0	300	1.35
1	0.06001905	0.07904715	0	0	0.0
0	0.06545735000000001	0.084300995	0	300	1.35
1	0.06540975	0.08438431	0	0	0.0
0	0.0600488	0.07920184000000001	0	300	1.35
1	0.060060699999999995	0.07934465	0	0	0.0
0	0.06535025	0.08444974999999999	0	300	1.35
1	0.06526694999999999	0.084497345	0	0	0.0
0	0.06007855	0.07948151	0	300	1.35
1	0.06010235	0.07963025	0	0	0.0
0	0.06519554999999999	0.0845509	0	300	1.35
1	0.06515389999999999	0.0846342	0	0	0.0
0	0.060149949999999994	0.07980279500000001	0	300	1.35
1	0.0601321	0.07990989999999999	0	0	0.0
0	0.0650825	0.084687744	0	300	1.35
1	0.06504085000000001	0.08477106000000001	0	0	0.0
0	0.0602035	0.08010031	0	300	1.35
1	0.06020945	0.0802312	0	0	0.0
0	0.06496945	0.0848246	0	300	1.35
1	0.06490399999999999	0.084890045	0	0	0.0
0	0.060280850000000004	0.08042755	0	300	1.35
1	0.0602987	0.08056439	0	0	0.0
0	0.0648445	0.084955505	0	300	1.35
1	0.06477905	0.08502095	0	0	0.0
0	0.060387949999999996	0.080778595	0	300	1.35
1	0.06039985	0.08091545000000001	0	0	0.0
0	0.06469575000000001	0.08506854	0	300	1.35
1	0.0646541	0.085151855	0	0	0.0
0	0.060506950000000004	0.08114154000000001	0	300	1.35
1	0.060536700000000006	0.08129625	0	0	0.0
0	0.0645946	0.08521134999999999	0	300	1.35
1	0.06452915000000001	0.08527679399999999	0	0	0.0
0	0.06067355	0.08155209000000001	0	300	1.35
1	0.06070925	0.08171275	0	0	0.0
0	0.0644518	0.0853244	0	300	1.35
1	0.06431495	0.08531845	0	0	0.0
0	0.0609175	0.08204001	0	300	1.35
1	0.06098295	0.08222446	0	0	0.0
0	0.06393415000000001	0.085080444	0	300	1.35
1	0.0637378	0.08500905	0	0	0.0
0	0.06126855	0.08262311	0	300	1.35
1	0.061411349999999996	0.0828849	0	0	0.0
0	0.06322610000000001	0.0846461	0	300	1.35
1	0.06274415	0.084300995	0	0	0.0
0	0.0620361	0.08361676	0	300	1.35
1	0.06438039999999999	0.08531845	0	0	0.0
0	0.06438635	0.0853244	0	300	1.35
1	0.06438635	0.0853244	0	0	0.0
0	0.0643923	0.08533035	0	300	1.35
1	0.06464815	0.08544934000000001	0	0	0.0
0	0.06442205	0.08523515000000001	0	300	1.35
1	0.06450535	0.08518756000000001	0	0	0.0
0	0.06485044999999999	0.08552075	0	300	1.35
1	0.06507655	0.08561595	0	0	0.0
0	0.06455889999999999	0.08511020000000001	0	300	1.35
1	0.06462435000000001	0.08505069	0	0	0.0
0	0.06525505	0.08565759	0	300	1.35
1	0.06545735000000001	0.085729004	0	0	0.0
0	0.06469575000000001	0.08499121	0	300	1.35
1	0.0647374	0.0849079	0	0	0.0
0	0.0656537	0.08579445	0	300	1.35
1	0.0658322	0.08584204	0	0	0.0
0	0.06482665	0.08487219	0	300	1.35
1	0.06487425000000001	0.08478891	0	0	0.0
0	0.06601665	0.0858956	0	300	1.35
1	0.0661416	0.08588965	0	0	0.0
0	0.06494565	0.08473535	0	300	1.35
1	0.06500515	0.08466989	0	0	0.0
0	0.06630225000000001	0.08591939999999999	0	300	1.35
1	0.06645695	0.08594320999999999	0	0	0.0
0	0.06505275	0.08458660999999999	0	300	1.35
1	0.06853945	0.08594916000000001	0	0	0.0
0	0.06608209999999999	0.0835751	0	300	1.35
1	0.06612375	0.08349179	0	0	0.0
0	0.06867035	0.08595511	0	300	1.35
1	0.06876555000000001	0.08591939999999999	0	0	0.0
0	0.06619515	0.08343824999999999	0	300	1.35
1	0.0662368	0.08335495	0	0	0.0
0	0.06889050000000001	0.08591939999999999	0	300	1.35
1	0.06897974999999999	0.08587775	0	0	0.0
0	0.06633199999999999	0.083319244	0	300	1.35
1	0.06637364999999999	0.08323595	0	0	0.0
0	0.0691166	0.08588370000000001	0	300	1.35
1	0.06920585	0.08584204	0	0	0.0
0	0.0664391	0.08317050000000001	0	300	1.35
1	0.06649859999999999	0.08310504	0	0	0.0
0	0.06928915000000001	0.0858004	0	300	1.35
1	0.0694141	0.0857885	0	0	0.0
0	0.06655215	0.08302771	0	300	1.35
1	0.06663545000000001	0.08298605	0	0	0.0
0	0.06949145	0.08574686	0	300	1.35
1	0.06962235	0.08574686	0	0	0.0
0	0.066689	0.08290869000000001	0	300	1.35
1	0.0667485	0.08284325	0	0	0.0
0	0.0697116	0.08570520000000001	0	300	1.35
1	0.06980085	0.085669495	0	0	0.0
0	0.06681395000000001	0.0827778	0	300	1.35
1	0.06687345	0.08271829	0	0	0.0
0	0.0699258	0.08566354	0	300	1.35
1	0.06999124999999999	0.08560405	0	0	0.0
0	0.06693890000000001	0.08265285	0	300	1.35
1	0.0669984	0.0825874	0	0	0.0
0	0.07011025	0.0855862	0	300	1.35
1	0.07019355000000001	0.085544556	0	0	0.0
0	0.0670698	0.08252788999999999	0	300	1.35
1	0.06711740000000001	0.08244461	0	0	0.0
0	0.0702947	0.08551479999999999	0	300	1.35
1	0.070378	0.085473145	0	0	0.0
0	0.0671769	0.08238509999999999	0	300	1.35
1	0.06726019999999999	0.08233749400000001	0	0	0.0
0	0.07046725000000001	0.0854315	0	300	1.35
1	0.0705446	0.08538391	0	0	0.0
0	0.06731375	0.08226014999999999	0	300	1.35
1	0.06737325	0.0821947	0	0	0.0
0	0.0706279	0.08533629999999999	0	300	1.35
1	0.07074095	0.0853244	0	0	0.0
0	0.06744465	0.08214113999999999	0	300	1.35
1	0.06749225	0.08205786000000001	0	0	0.0
0	0.07081829999999999	0.08527084	0	300	1.35
1	0.0709135	0.08524109	0	0	0.0
0	0.06756364999999999	0.0820043	0	300	1.35
1	0.06762314999999999	0.08193884	0	0	0.0
0	0.070973	0.08516971	0	300	1.35
1	0.07108605	0.085151855	0	0	0.0
0	0.06770645	0.08189125	0	300	1.35
1	0.06774809999999999	0.08180795	0	0	0.0
0	0.0711753	0.08511615	0	300	1.35
1	0.07122885	0.08504474000000001	0	0	0.0
0	0.0678314	0.081760345	0	300	1.35
1	0.06787305	0.08167705	0	0	0.0
0	0.07130025000000001	0.08498525999999999	0	300	1.35
1	0.07140735	0.08496741000000001	0	0	0.0
0	0.0679385	0.08161159999999999	0	300	1.35
1	0.067998	0.08155209000000001	0	0	0.0
0	0.07149065	0.08491979999999999	0	300	1.35
1	0.0715561	0.08486029	0	0	0.0
0	0.06806345	0.08148665	0	300	1.35
1	0.06812295	0.0814212	0	0	0.0
0	0.0716156	0.08478891	0	300	1.35
1	0.0717227	0.08477106000000001	0	0	0.0
0	0.0682003	0.081361694	0	300	1.35
1	0.0682598	0.0813022	0	0	0.0
0	0.0717822	0.084699646	0	300	1.35
1	0.0718655	0.08465799	0	0	0.0
0	0.06832524999999999	0.08123675500000001	0	300	1.35
1	0.0683669	0.08115344000000001	0	0	0.0
0	0.07191905	0.08458065999999999	0	300	1.35
1	0.0720202	0.084556854	0	0	0.0
0	0.0684264	0.081088	0	300	1.35
1	0.06850969999999999	0.08104040500000001	0	0	0.0
0	0.07207375	0.08448544	0	300	1.35
1	0.07216895	0.0844438	0	0	0.0
0	0.06856324999999999	0.08096899399999999	0	300	1.35
1	0.0686287	0.08090354999999999	0	0	0.0
0	0.07221655	0.084372406	0	300	1.35
1	0.07228794999999999	0.0843129	0	0	0.0
0	0.0687001	0.080844055	0	300	1.35
1	0.06874174999999999	0.08076074	0	0	0.0
0	0.07235935	0.0842534	0	300	1.35
1	0.0724486	0.08421769999999999	0	0	0.0
0	0.0688072	0.0806953	0	300	1.35
1	0.06888455	0.080653656	0	0	0.0
0	0.0724962	0.08414035	0	300	1.35
1	0.07258545	0.084098694	0	0	0.0
0	0.06895595	0.08059415	0	300	1.35
1	0.06900355000000001	0.08051085000000001	0	0	0.0
0	0.07262115	0.08400946000000001	0	300	1.35
1	0.07270444999999999	0.08396185	0	0	0.0
0	0.0690809	0.08046921	0	300	1.35
1	0.06912850000000001	0.080385895	0	0	0.0
0	0.07275205	0.08388449	0	300	1.35
1	0.07283535000000001	0.0838369	0	0	0.0
0	0.0691999	0.0803264	0	300	1.35
1	0.06924155	0.0802431	0	0	0.0
0	0.07290675	0.083783356	0	300	1.35
1	0.07294840000000001	0.08370004	0	0	0.0
0	0.06931295	0.080189545	0	300	1.35
1	0.06937839999999999	0.0801241	0	0	0.0
0	0.07301385	0.0836346	0	300	1.35
1	0.07307335000000001	0.08356915	0	0	0.0
0	0.06944979999999999	0.08007056	0	300	1.35
1	0.0695093	0.0800051	0	0	0.0
0	0.07313285	0.08350369	0	300	1.35
1	0.0732102	0.08345014999999999	0	0	0.0
0	0.06957474999999999	0.07993965	0	300	1.35
1	0.06963425	0.07987421	0	0	0.0
0	0.07326375	0.0833728	0	300	1.35
1	0.0733173	0.08330734	0	0	0.0
0	0.06968185	0.07979089	0	300	1.35
1	0.06975920000000001	0.0797433	0	0	0.0
0	0.07335894999999999	0.08321811	0	300	1.35
1	0.07343035	0.08316455	0	0	0.0
0	0.06981274999999999	0.079671906	0	300	1.35
1	0.0698782	0.079606445	0	0	0.0
0	0.073472	0.0830753	0	300	1.35
1	0.07354340000000001	0.08302176	0	0	0.0
0	0.0699496	0.0795529	0	300	1.35
1	0.06999124999999999	0.079469604	0	0	0.0
0	0.07358505	0.082938446	0	300	1.35
1	0.0736624	0.0828849	0	0	0.0
0	0.07008645	0.07942795	0	300	1.35
1	0.0701281	0.07934465	0	0	0.0
0	0.07370405	0.082795654	0	300	1.35
1	0.07375165	0.08272423999999999	0	0	0.0
0	0.0702114	0.07930301000000001	0	300	1.35
1	0.07025305	0.07921969599999999	0	0	0.0
0	0.0737933	0.08263501	0	300	1.35
1	0.0738647	0.08258145	0	0	0.0
0	0.07032445	0.0791602	0	300	1.35
1	0.0703661	0.079076904	0	0	0.0
0	0.07389445	0.08248625	0	300	1.35
1	0.07395990000000001	0.08242081	0	0	0.0
0	0.0704494	0.07903525	0	300	1.35
1	0.07049105	0.078946	0	0	0.0
0	0.07398965	0.08232559	0	300	1.35
1	0.0740551	0.0822661	0	0	0.0
0	0.07058625	0.07891031	0	300	1.35
1	0.0706279	0.078826996	0	0	0.0
0	0.0741027	0.0821828	0	300	1.35
1	0.0741265	0.08208164999999999	0	0	0.0
0	0.07068144999999999	0.0787556	0	300	1.35
1	0.07076475	0.07870801	0	0	0.0
0	0.0741622	0.08199240000000001	0	300	1.35
1	0.0742217	0.08192694	0	0	0.0
0	0.07082425	0.07864255	0	300	1.35
1	0.07087185	0.07855925000000001	0	0	0.0
0	0.0742455	0.08181985500000001	0	300	1.35
1	0.07429904999999999	0.08174844	0	0	0.0
0	0.0709492	0.07851166000000001	0	300	1.35
1	0.0709968	0.078428345	0	0	0.0
0	0.07433475	0.08165921	0	300	1.35
1	0.0743883	0.08158185	0	0	0.0
0	0.07105629999999999	0.0783629	0	300	1.35
1	0.0711396	0.07832125999999999	0	0	0.0
0	0.07440614999999999	0.08147475	0	300	1.35
1	0.0744716	0.08141525	0	0	0.0
0	0.07119315	0.07824389999999999	0	300	1.35
1	0.07125265	0.07817845	0	0	0.0
0	0.07447754999999999	0.08129625	0	300	1.35
1	0.07454300000000001	0.081230804	0	0	0.0
0	0.0713181	0.07811896	0	300	1.35
1	0.0713776	0.0780535	0	0	0.0
0	0.07454895	0.0811118	0	300	1.35
1	0.0746144	0.08104636000000001	0	0	0.0
0	0.07143115	0.07797615000000001	0	300	1.35
1	0.07151445	0.07792856000000001	0	0	0.0
0	0.0746144	0.08092735000000001	0	300	1.35
1	0.07465604999999999	0.080844055	0	0	0.0
0	0.07156799999999999	0.07785715	0	300	1.35
1	0.0716275	0.0777917	0	0	0.0
0	0.0746858	0.08074289	0	300	1.35
1	0.07472745	0.08065961	0	0	0.0
0	0.0716989	0.07773815999999999	0	300	1.35
1	0.07174649999999999	0.07765485	0	0	0.0
0	0.0747334	0.0805406	0	300	1.35
1	0.07479290000000001	0.08046921	0	0	0.0
0	0.07183575	0.07761914	0	300	1.35
1	0.0718774	0.07753586	0	0	0.0
0	0.07478695	0.08034425	0	300	1.35
1	0.0748405	0.08026691	0	0	0.0
0	0.07195475	0.07747635	0	300	1.35
1	0.07201425	0.07741089	0	0	0.0
0	0.07485835	0.08015979	0	300	1.35
1	0.07487025	0.08004675	0	0	0.0
0	0.07205589999999999	0.07732761	0	300	1.35
1	0.0721392	0.07728595	0	0	0.0
0	0.07488215	0.07992775	0	300	1.35
1	0.07492975	0.07985039999999999	0	0	0.0
0	0.07218085	0.07719670000000001	0	300	1.35
1	0.07226415	0.07715506000000001	0	0	0.0
0	0.0749357	0.07973735000000001	0	300	1.35
1	0.07494759999999999	0.07961835	0	0	0.0
0	0.0723296	0.07708960000000001	0	300	1.35
1	0.0723891	0.07702414	0	0	0.0
0	0.07495950000000001	0.07950531	0	300	1.35
1	0.0749833	0.079404144	0	0	0.0
0	0.07243075	0.07694086	0	300	1.35
1	0.07251405	0.07689325	0	0	0.0
0	0.07498925	0.079279205	0	300	1.35
1	0.0750071	0.07917803999999999	0	0	0.0
0	0.07257949999999999	0.07682778999999999	0	300	1.35
1	0.072639	0.07676236	0	0	0.0
0	0.0749952	0.0790412	0	300	1.35
1	0.07502495	0.07894005	0	0	0.0
0	0.07269255	0.07669095000000001	0	300	1.35
1	0.07275799999999999	0.0766255	0	0	0.0
0	0.0750071	0.07880319	0	300	1.35
1	0.0750309	0.07870206	0	0	0.0
0	0.0728175	0.07656006	0	300	1.35
1	0.07288294999999999	0.07649460000000001	0	0	0.0
0	0.07501305000000001	0.07855925000000001	0	300	1.35
1	0.0750309	0.07845215	0	0	0.0
0	0.07294244999999999	0.07642915	0	300	1.35
1	0.0730079	0.07636965999999999	0	0	0.0
0	0.07501305000000001	0.07830340599999999	0	300	1.35
1	0.07502495	0.07819034999999999	0	0	0.0
0	0.07306145	0.0762923	0	300	1.35
1	0.0731388	0.07624469	0	0	0.0
0	0.07500114999999999	0.078041595	0	300	1.35
1	0.0750071	0.07792856000000001	0	0	0.0
0	0.07318640000000001	0.07616141	0	300	1.35
1	0.07326375	0.07611975	0	0	0.0
0	0.07498925	0.0777798	0	300	1.35
1	0.07498925	0.07766079999999999	0	0	0.0
0	0.07333515	0.07606023999999999	0	300	1.35
1	0.07338275	0.07597696000000001	0	0	0.0
0	0.0749357	0.07747635	0	300	1.35
1	0.07495355000000001	0.07736925	0	0	0.0
0	0.07346604999999999	0.07592934999999999	0	300	1.35
1	0.0735077	0.07584604	0	0	0.0
0	0.07489404999999999	0.07719074999999999	0	300	1.35
1	0.07490595	0.0770777	0	0	0.0
0	0.0735672	0.07578655999999999	0	300	1.35
1	0.07363265	0.07572110000000001	0	0	0.0
0	0.0748167	0.076863495	0	300	1.35
1	0.07482264999999999	0.07674451	0	0	0.0
0	0.0736862	0.07564375	0	300	1.35
1	0.07376949999999999	0.07559616	0	0	0.0
0	0.07475125	0.07655411	0	300	1.35
1	0.0747334	0.07640535	0	0	0.0
0	0.07381114999999999	0.07551285	0	300	1.35
1	0.0738885	0.07547119000000001	0	0	0.0
0	0.0746382	0.07619115	0	300	1.35
1	0.0746263	0.07604833999999999	0	0	0.0
0	0.07394205	0.07539386000000001	0	300	1.35
1	0.07400749999999999	0.0753284	0	0	0.0
0	0.0744954	0.07579845	0	300	1.35
1	0.07447754999999999	0.07566159	0	0	0.0
0	0.07406104999999999	0.075257	0	300	1.35
1	0.07414435	0.0752094	0	0	0.0
0	0.07433475	0.07539981	0	300	1.35
